100 500
234 344434
253 533182
19 193895
404 39106
141 412888
454 545717
99 991746
197 972033
156 559111
240 406405
374 749321
177 773194
148 481722
217 174726
315 152428
357 571152
218 184256
299 993949
200 392
258 587811
108 81507
493 932824
498 985690
489 893443
116 165135
222 219081
368 683072
52 525143
175 752277
112 123194
62 627899
176 763478
145 456600
130 300353
468 676786
380 803324
196 961283
82 820708
428 281913
56 556511
93 930963
343 431815
155 555555
6 65165
14 142217
461 605330
129 294131
120 204640
204 39885
427 274866
191 908777
25 255076
422 217774
146 463245
202 17245
303 34207
416 167348
210 103837
252 526252
391 912523
438 384289
271 711604
236 364102
4 47120
162 622261
133 330716
295 951394
215 155788
1 6084
431 308718
59 589459
492 921874
296 958803
448 489531
28 277748
64 642134
316 167229
408 82692
403 37761
264 640066
379 797532
50 500945
246 465054
49 493412
203 37663
190 898282
168 683624
117 175708
263 630627
351 508633
26 260295
346 463711
437 372678
440 406509
72 722211
336 363304
189 889287
345 454601
499 993267
413 131914
184 843091
481 806725
160 604460
96 962748
11 109021
227 273245
395 953145
225 252948
324 243967
75 757047
137 370447
363 630633
213 131668
479 797841
180 808562
330 298668
320 206967
309 90945
124 247296
267 669850
464 647834
113 129909
192 918007
337 375370
409 91945
231 313915
259 594642
472 726070
449 492399
48 481147
244 446955
36 359975
344 443049
491 906323
323 230269
393 936679
83 835085
275 756579
353 534929
396 959758
118 186401
65 652426
45 458811
474 743234
149 489620
183 836392
421 214841
304 43396
387 878467
87 873002
243 430507
426 256360
239 391011
286 865311
57 575903
338 382822
98 981054
476 768017
268 679842
122 224877
67 674440
79 796516
312 121350
392 916905
207 71920
181 811495
455 548158
81 811494
432 322125
375 750610
327 272617
33 330370
382 820157
151 516846
114 144369
54 546061
138 377330
94 940377
300 2544
78 780077
193 928354
460 596446
46 466526
233 327192
435 355505
482 821297
161 610584
58 580758
359 591130
16 165010
314 144243
265 652724
158 586864
365 649081
20 204415
206 59834
269 690071
209 92581
381 809196
17 168557
71 713384
398 980155
235 354139
390 906712
86 857056
467 677218
307 71273
157 578128
293 930457
494 945274
169 691365
342 417613
76 763385
281 807805
35 352168
167 672012
22 216141
241 411087
13 135408
34 345825
429 294964
32 321585
211 112779
400 2746
142 419055
317 174546
373 732531
412 122785
262 622605
458 579953
466 658865
44 440743
294 940146
367 676225
53 532732
9 91931
10 106506
140 403187
164 647438
332 321745
447 471628
277 775913
313 133211
178 781638
89 889514
385 855635
394 941083
173 729614
38 383086
257 573164
388 884927
436 359822
179 799141
186 863492
188 886325
405 45582
8 78836
354 539788
172 721397
119 191145
69 692019
251 512672
291 915410
220 203844
488 887016
444 438127
430 305762
229 289320
80 805827
451 512434
335 354464
74 740788
483 828852
245 454779
31 315431
228 285368
125 252877
42 416890
399 988580
266 661947
23 231991
216 162126
136 368473
334 339523
417 175323
150 498818
463 626372
128 281244
310 100239
92 924652
328 283399
456 564898
110 107386
484 839339
473 729764
12 120637
101 15059
487 878383
418 186678
24 238176
420 205039
106 62172
27 273394
84 842994
143 431005
30 300940
278 786784
147 479566
276 761601
333 333224
126 262468
452 519343
97 969472
439 391230
285 854635
60 602568
366 662699
397 975222
37 369379
347 477834
470 706687
153 536791
360 601042
378 778159
63 635717
308 78989
111 107791
442 420178
423 233426
127 271037
410 100090
201 12148
154 539106
103 32813
85 849921
376 764270
61 608818
469 699634
441 413796
331 309415
362 625428
91 907014
369 693215
121 214193
139 385516
290 903715
159 589216
224 238578
232 316491
297 970539
3 33888
205 47989
301 11305
247 474632
306 69189
208 78455
260 603302
339 386418
77 766811
163 629113
402 23094
39 392611
322 215920
361 608619
115 148681
370 708928
230 305283
166 667483
462 628028
43 427905
105 47994
88 881674
250 504155
358 580544
372 718247
377 772900
434 343974
135 348830
283 829370
66 663969
496 967855
5 49300
187 877870
272 719058
195 949085
480 807629
450 505416
465 654895
221 208794
214 138966
356 565877
132 323743
415 153519
284 838818
90 903946
406 60571
495 955235
29 290098
212 124747
47 479572
486 863351
199 993944
219 193437
325 251160
182 821264
389 896871
68 685705
21 211143
329 296448
425 253010
0 3245
326 257600
280 803037
41 418938
194 936593
73 733174
471 710448
102 19068
401 12417
289 893844
443 432912
321 207972
384 837105
282 823436
424 242183
407 68790
279 797924
414 140925
237 372614
198 982798
170 704097
355 553098
223 234517
185 854220
2 21479
419 187870
485 857787
70 708409
319 192646
95 957129
171 716976
226 261567
261 611689
433 334049
411 117519
242 420317
340 405497
51 508116
457 570586
446 457461
274 743692
383 831615
256 556343
352 524707
18 178457
255 551943
270 702006
248 485861
298 983983
100 7132
123 233248
55 553186
287 869249
40 408346
174 744528
131 312804
134 342725
238 382928
371 717914
249 494419
144 447205
254 544635
349 497223
459 592839
292 924266
348 489596
318 179856
364 648335
165 653753
273 737910
477 771245
305 46451
475 753794
386 856989
453 528749
311 116021
490 901775
350 499838
288 886955
497 975160
445 453215
152 520975
15 154691
104 46665
109 92395
107 69207
302 21137
478 782653
341 416631
7 68058
