100 500
461 613760
425 254605
17 169393
467 670358
491 914698
92 923728
273 729188
76 765994
157 569142
101 9549
410 99498
373 733057
280 805652
137 375410
192 920645
50 507780
346 457248
369 692097
332 318969
371 719311
84 843525
228 288622
490 897490
25 250122
433 334902
258 586364
388 883085
336 358826
146 464136
122 228224
392 923123
462 620070
61 608512
427 271639
227 269829
381 808927
134 337871
197 974822
281 814596
178 778190
117 169285
499 992349
447 469038
323 232023
85 849702
167 668856
434 341178
161 606759
444 442172
432 319373
5 50331
152 526740
6 60527
90 906161
191 914093
270 704585
440 404519
56 556970
186 863019
79 791842
57 571011
288 884517
418 185111
498 980376
107 73633
488 879359
265 656916
232 323774
40 399242
173 730980
130 309466
255 558264
224 240011
411 111049
387 874836
208 81094
81 807403
38 383343
147 469004
108 83065
159 595004
198 980105
212 119769
390 902587
317 166984
244 445522
238 386977
279 793065
93 936722
458 584526
304 46766
322 226609
483 837470
417 167879
409 91158
314 138715
65 651948
30 307461
133 335211
339 387628
231 317309
153 532276
112 124954
350 504634
394 940037
120 207327
209 91239
376 762269
363 632954
480 804830
53 531952
190 901913
253 534604
119 189733
412 119374
426 258709
295 949537
248 486097
321 208975
470 702367
405 48487
479 794376
155 559396
154 541204
35 356902
51 514678
86 862062
28 281504
70 704612
354 548612
20 205818
94 941464
32 320117
260 604934
386 865180
277 772058
52 522508
11 112462
364 638382
335 351073
477 774375
27 272558
456 557987
80 804902
21 208369
234 336167
204 42786
162 626965
13 127987
246 460419
60 604297
385 847886
368 681478
420 201138
171 712379
384 838061
200 1579
274 743076
211 113860
77 771905
347 470117
422 227583
62 619533
250 501785
359 590945
443 431587
247 470967
12 125942
356 559499
292 920241
31 313938
233 337755
391 918000
308 78849
0 5810
400 301
164 637650
398 984512
15 150800
435 349765
343 432851
124 244403
419 194752
217 171565
42 427605
484 846505
123 230033
334 339822
375 752620
41 414763
299 989303
307 67737
239 395758
495 954341
34 341669
413 132673
442 421950
298 979092
170 706364
494 938356
465 649775
230 307100
113 132550
23 234966
357 568713
399 991568
404 41197
296 963961
58 586678
111 108487
266 659899
492 921099
252 519945
378 785826
460 604720
37 376210
55 558351
268 675258
380 797794
135 354794
446 459269
340 402216
366 662291
293 939063
493 939756
102 20194
181 813533
291 911557
242 426374
72 723942
166 664050
269 689098
29 291481
165 649970
103 35974
243 435423
89 888749
136 356518
379 789145
377 771048
309 85708
148 483191
485 857018
487 872910
482 822502
254 541127
448 480007
218 185003
471 717359
132 321042
393 935776
325 254855
344 444590
19 191129
303 32225
457 573490
226 261404
182 829324
272 724280
39 392162
429 287320
73 734532
121 208709
141 409595
362 623615
249 491879
71 710400
185 853801
118 177967
143 431842
389 887853
88 884930
150 504146
449 492027
69 690078
172 722900
214 143661
452 520625
16 168269
9 92197
486 862395
326 262585
48 480694
365 657813
451 517620
151 508022
264 644942
104 47975
126 262302
466 661855
3 36289
329 292603
489 892621
358 586949
184 845101
437 368702
310 103624
367 672481
2 26421
327 276453
271 715626
237 376636
361 607360
445 454348
453 529508
468 683633
319 192067
100 1921
195 953014
454 548539
24 237661
44 446051
128 284284
43 427982
423 230465
221 208697
105 56032
351 511361
225 250067
216 168832
301 15833
290 903421
149 491587
450 499275
263 634204
481 806002
473 727149
257 568493
180 799682
36 364714
315 149385
114 138565
333 333082
131 310973
302 22760
26 260164
328 279924
305 53423
407 68800
82 826748
99 993942
402 21122
63 636852
140 402623
276 761377
372 719346
156 562679
22 220931
324 243911
497 966452
286 862453
75 748363
68 677714
278 783853
177 766510
1 13347
176 764373
475 745454
414 145474
396 959998
174 739774
382 829207
235 351749
408 84014
127 275672
360 600920
415 155996
236 363497
66 663339
187 872658
251 514666
145 457010
318 178711
33 334180
282 821019
67 670086
18 179766
183 829533
261 608320
203 30843
345 449080
397 973707
469 695290
374 745786
262 621325
179 791933
49 487058
45 447473
96 961562
421 215031
206 66440
91 918607
395 948788
116 164107
476 761945
474 746583
259 595438
169 691721
241 417563
341 413602
110 106951
210 106533
8 83268
168 680869
229 290519
436 361078
330 308559
54 542653
478 782379
83 834814
199 994546
416 166842
337 373356
220 207350
97 973863
74 746376
47 468787
163 637573
59 590821
109 91694
106 61360
316 166492
439 388723
223 227863
472 726596
289 887771
438 382707
349 492079
297 966251
300 2193
311 112566
222 227598
441 408689
95 953164
189 892539
196 955841
46 459880
424 240491
313 131986
78 783705
115 148903
403 30038
464 639757
306 64693
129 288292
342 426635
7 67625
256 565502
275 745580
355 558088
245 454749
283 836741
215 157049
202 19675
10 100856
285 856788
98 986484
406 64231
352 523841
139 391906
14 142069
496 962901
348 481088
193 936704
294 945293
267 677276
338 386389
201 8554
4 45395
353 535059
383 829815
160 607951
188 883691
207 77171
370 699831
138 381765
312 128400
284 843895
125 255362
142 424050
287 873874
320 205375
175 750527
455 550069
87 878902
459 586430
64 646428
213 132356
205 49529
430 303281
158 582115
219 194832
144 445966
431 309948
463 632058
428 287840
401 13345
240 400617
194 944930
331 316602
